IMPACT .005 VALS: 
 CR = 5.96031657971084
 STD_DR = 0.022186395039028056
 MEAN_DR = 0.004108802581997556

NO IMPACT VALS: 
 CR = 5.999597582236764
 STD_DR = 0.021614816317366656
 MEAN_DR = 0.004108446522001579


IMPACT .01 VALS: 
 CR = 5.922025428437309
 STD_DR = 0.021790666187157165
 MEAN_DR = 0.004089345646010399


IMPACT .1 VALS: 
 CR = 5.355136110231365
 STD_DR = 0.023261048261698038
 MEAN_DR = 0.003952410219897073
