IMPACT .005 VALS: 
 CR = 5.943156567191292
 STD_DR = 0.02180671934671352
 MEAN_DR = 0.004095810712410674

NO IMPACT VALS: 
 CR = 6.475019995776406
 STD_DR = 0.02177041126152445
 MEAN_DR = 0.0042423735609501455


IMPACT .01 VALS: 
 CR = 5.904263592483897
 STD_DR = 0.021434666824330376
 MEAN_DR = 0.004076751685555345


IMPACT .1 VALS: 
 CR = 5.760337889619603
 STD_DR = 0.021415779390231118
 MEAN_DR = 0.004034791222806409
