IMPACT .005 VALS: 
 CR = 6.3568064927118835
 STD_DR = 0.018514298308625523
 MEAN_DR = 0.004146117224414954

NO IMPACT VALS: 
 CR = 6.3568064927118835
 STD_DR = 0.018514298308625523
 MEAN_DR = 0.004146117224414954


IMPACT .01 VALS: 
 CR = 6.346305176817408
 STD_DR = 0.018538455166121792
 MEAN_DR = 0.0041437180821896225


IMPACT .1 VALS: 
 CR = 6.337824379468005
 STD_DR = 0.0172105081961001
 MEAN_DR = 0.004117742390768719
